100
5
1 2 3 4 5
3
3 5 6
2
5 6
2
5 5
15
824770 784564 965544 117873 389244 424686 939461 203925 335997 228628 714174 847786 538045 350605 778784
15
824943 7784 162231 946466 267806 109886 502995 320372 677099 271302 237888 210455 630448 106493 25727
8
802526 27997 820556 447291 470047 458316 104868 413187
13
136692 963604 663642 799263 237535 952916 319982 641974 614916 777105 911757 710303 985841
3
196984 213900 300273
9
12581 275542 612675 205041 85472 369030 884620 124147 396248
14
440055 345699 888847 987853 791966 892786 275154 852197 14987 263236 114184 135187 247735 650836
6
156278 846917 707563 343769 194664 230249
8
717805 854682 128779 434426 940502 738019 608216 848491
8
661817 303089 893978 804898 748457 485754 923836 666616
13
5535 2279 8216 7523 4094 2845 5153 8702 5323 9284 3824 6244 14116
13
4060 9655 9158 1835 2784 3911 6142 9566 381 2049 2705 4816 1336
5
2396 5888 2778 2725 7715
15
8649 3650 2641 7077 6191 4785 753 4271 6627 6023 5250 9797 7662 8373 10055
8
42 2879 6707 2385 6519 4168 3526 5095
12
8577 2610 3024 4560 8337 8920 9980 1951 8967 8868 2970 6304
3
887 3171 8355
2
3176 4416
8
379 1553 9369 4295 762 5709 741 9574
3
3349 2668 1913
11
3212 7681 2998 1722 694 1026 9794 9038 748 6610 1799
5
503 3434 8283 7469 8214
11
5108 1291 9190 7855 4895 1349 3170 7621 3829 6298 14884
14
9765 2577 7863 2442 2006 9806 1164 4758 8871 6376 9975 3726 4815 3186
12
4736 1072 1641 9757 8550 3883 3260 2015 4121 9791 2095 11747
3
5478 7623 2209
6
7514 4261 7666 7581 5312 6480
12
4868 6150 2857 8665 3891 9824 9141 2028 3443 3690 1042 9634
4
7669 5859 155 2957
5
4259 5965 6872 1354 6268
3
2113 4307 6290
5
2400 6174 8337 7741 9741
6
3228 6775 3607 7430 6629 7199
9
9283 1203 2359 9243 9825 9160 5486 669 983
5
553 2969 7237 8885 14144
2
617 3811
10
7381 150 1767 9439 5367 120 9571 2728 2898 1873
12
31 3115 3829 1060 6468 806 5926 3801 3009 6202 9251 6926
3
6931 6463 556
3
6184 2189 4261
6
5068 3677 8220 4451 1568 8623
8
9220 4465 7902 1118 4671 2163 4596 1602
6
5106 4783 5832 4098 6497 7241
12
8402 952 6610 4844 5465 8667 1192 881 5655 2250 841 1691
4
5455 7643 8774 10962
3
1229 4658 5887
14
1004 5507 7969 8825 52 875 7219 9066 5493 9603 6286 2452 300 14321
12
9616 5188 6241 347 1055 4771 7502 7660 9253 8895 3812 13966
4
8547 4107 3670 5640
12
3388 1588 5496 6949 9010 7165 1439 9846 3745 5357 1625 614
6
647 6604 7732 7222 5198 3335
8
2120 7857 4452 8027 1728 9901 7691 9942
7
3346 2255 9502 7471 3715 6512 10783
2
9949 9770
3
7536 6649 3698
5
6918 3655 6710 9874 8002
10
1966 272 4129 4180 9255 103 1735 1728 9017 5176
5
452 6530 9426 4674 8594
13
1153 8563 7420 1598 4276 1193 2181 9838 973 6994 6150 6730 7957
3
1276 7603 6479
12
3087 4217 5647 7018 2236 8578 5406 4174 8984 789 661 8165
7
5267 547 8029 2266 3628 3971 152
5
5104 9459 6131 2402 10642
7
5385 251 3228 9811 1822 14 14381
5
1753 382 211 4838 5522
7
1997 3867 8713 577 74 6828 12920
3
9363 9573 502
13
1815 6196 2004 6696 3614 4496 7040 7199 9249 1601 4497 3648 1327
4
8086 8732 8981 9268
14
2986 9128 7707 5319 2804 1196 4999 5229 6076 6068 1058 8059 3611 2470
2
5167 853
12
6950 7228 1773 4302 5609 9140 8731 3335 9534 6719 3933 14372
5
7242 9942 9929 238 7355
14
4251 3406 7475 3752 7733 5321 9519 524 5693 1077 138 1631 6514 11838
3
6574 6817 783
10
9629 6037 3772 1168 6342 7367 8178 5571 8655 6107
14
2151 1342 2417 9042 6636 3594 2447 4037 5365 8405 3145 5049 5176 2366
12
717 6467 2818 5370 1002 3699 3475 132 3221 3851 8107 443
11
7717 5402 1965 4968 5357 547 3764 4809 5594 1216 1107
4
9867 1834 6768 5451
2
4940 4113
2
2996 4165
6
647 2398 5242 5385 2027 3393
7
9963 6394 9333 6515 9928 4455 13496
10
1329 9646 4982 6291 1387 3865 9733 7225 4728 2380
6
5892 5383 3030 4869 1575 2971
13
2296 4982 9019 9978 7568 8028 369 5657 7094 5323 4286 2219 7299
3
83 2194 2241
15
9728 9819 4369 3087 5877 2233 1267 2729 3886 2210 6822 5532 2179 7000 5694
4
5478 9000 7959 855
13
8574 6871 8018 2949 8513 3515 142 8189 7814 1972 3991 1563 3145
9
397 8063 8500 5349 1313 530 4336 7876 8740
7
8842 6561 3503 1382 1522 2965 3801
13
1673 2320 3294 2429 7957 6116 4783 2845 7018 206 9516 6362 15659
10
4916 5842 3779 6192 5690 5295 7779 6951 3721 7816
7
2738 2418 4902 8863 2071 1276 16018
