50
1305317 1430200
1082260 1987702
313228 918043
1016124 1935380
1264780 1351252
1000 9999
379877 727595
1117111 1117111
1006928 1961484
1040819 1912947
1005795 1939670
14 82
1040861 1937885
1320 3397
10000 99999
48681 83823
23 73
1005390 1982278
1027985 1983864
1479993 1693740
1015236 1937243
1073380 1940423
1197054 1438509
100000 100001
689647 689647
779560 919215
1125379 1428703
6621 9997
1086993 1915520
1000 1000
26399 81436
5 6
517953 891832
39224 91660
1258025 1907327
1005579 1952200
1046569 1902228
1072801 1927415
1029404 1959065
1514 4079
306 798
21468 26411
1036345 1920427
387 414
322 598
48272 53655
8162 9684
160557 371166
1056235 1383875
115313 657007
